00001000
00001000
00010000
00010000
00100000
00100000
00010000
00010000

00001000
00000000
00001000
00000000
00001000
00001000
00001000
00001000

0001000
0000000
0001000
0000000
0001000
0001000
0001000
0001000

00001000
00000000
00000010
00000000
00000010
00000010
00000010
00000010

00001000
00001000
00010000
00010000
00100000
00100000
00010000
00010000

00001000
00000000
00001000
00000000
00001000
00000000
00001000
00000000

00010000
00000000
00010000
00000000
00001000
00000000
00010000
00000000

00100000
00100000
00100000
00100000
00100000
00100000
00000000
00000000
